0.0 3.9999999818109515 -0.2081584520520585
0.12231828033295496 4.002095084739928 0.33363756702454417
0.2762878459996072 4.006343751104613 0.8750386028554691
0.4074975335313913 4.015068695696609 1.41603383316576
0.519598003050887 4.03012556009776 1.9566131011494567
0.6562645326338548 4.046368734633079 2.496773391809104
0.8177459192381069 4.061487387946693 3.0365087317293775
0.9606627290863353 4.083277513800743 3.575803332495317
1.0858616024286625 4.113679830414222 4.114647531067913
1.26018632118803 4.134707310908171 4.653050720583949
1.4171569055468425 4.16396429605382 5.190988388814558
1.557226915427268 4.2035456960834825 5.728451370645742
1.726165594129497 4.237013867496349 6.265447594469882
1.9249790242499358 4.261224135713389 6.80197251143626
2.1078871857576287 4.295590427477417 7.338001912154706
2.274957635977703 4.342554003592772 7.873527641222816
2.4976397832936477 4.3641534948085425 8.408576264836128
2.7050121356637113 4.397495785016046 8.943110094061515
2.8970056694436233 4.445391715527784 9.477122141267868
3.122756314951995 4.476407267068839 10.010633480787869
3.383330846815454 4.4860182848760335 10.543642639445006
3.629279051859359 4.50962878395103 11.076117931790739
3.8604550064733854 4.550686557856661 11.608054681373732
4.127812316406068 4.5666416491739135 12.139482640768316
4.432197545729573 4.55191012137388 12.6704029970496
4.696398608406597 4.580665623069243 13.20076264313535
4.998324190757368 4.576803279867397 13.730615297831717
5.338476846641876 4.533787281860854 14.259964544851972
5.664579936611623 4.509990019538976 14.788774165715049
5.976848759698776 4.510413888756325 15.31704615616093
6.327904361832448 4.4663355047963655 15.844826308301021
6.717511876149585 4.36972941154151 16.372121761030833
7.067707623189076 4.338500541726159 16.898874595785713
7.456613099276869 4.251992609832418 17.425157963179842
7.883139875021102 4.100850133813054 17.950981703939565
8.296459340960379 3.9764132395905367 18.47631186725012
8.698069520405426 3.885865461860135 19.001160485855085
9.136267648309447 3.7230090891774053 19.525584738337788
9.608297066090406 3.476394363387606 20.049597605394425
10.047224994729401 3.3262842753628816 20.573151238321103
10.519161806845817 3.088418940551025 21.096325222539733
11.019514794983621 2.7494487404409798 21.61913405644971
11.509245726508524 2.447513055696807 22.14155820890879
11.992796626553593 2.192736149812448 22.66362117810429
12.500432716395242 1.8255654594116422 23.185375072060175
13.023964067919524 1.3295662833094006 23.706834457772366
13.53990560671106 0.8776030472399846 24.22799599370521
14.055708758128281 0.48188020076496496 24.748888805714067
14.57873174461905 -0.16390733148269454 25.26955010717605
15.097440303519445 -0.7599303138884801 25.7899852340842
15.6226455721541 -1.292193781526982 26.310226342315836
16.13640849362704 -1.9967387199591913 26.830286305857463
16.61791239329375 -2.898029300067852 27.35017040186168
17.100899620234557 -3.742707052560365 27.869922578199912
17.603022978785628 -4.5141962298227964 28.38957626418632
18.00216740750626 -5.664188229446601 28.909061579085456
18.407603417487312 -6.754172660319592 29.428473450374316
18.845206209926367 -7.765696945039012 29.947842634381768
19.173320145381446 -9.049201469571209 30.467078330744847
19.33278646367042 -10.645836120164896 30.986147908035406
19.49997120917141 -12.187619145961742 31.50517098575423
19.719595063749814 -13.655633240488992 32.024160791377085
19.49901859173887 -15.732698208609662 32.54278181438336
19.26435861811917 -17.781790371504872 33.06126337005328
19.085271647928153 -19.792930660037047 33.57955882877952
18.387592537484675 -22.331271343483035 34.09720523119689
16.81679860160613 -25.530641750823232 34.61379452190088
14.873020773340864 -28.947191298550983 35.129089698762385
12.4893329785993 -32.85139596904882 35.64160758040559
-4.672588778898956 -49.78377778051718 36.0949785437651
