0.0 3.9999999818109515 0.2081584520520585
0.09377678006951766 4.002865566631346 0.753319637818471
0.21889574277172308 4.009889010890265 1.2988758068305613
0.3210108219519888 4.022907272506632 1.8448377813632857
0.4037899790675335 4.043370842222167 2.391215718222604
0.5111006528300805 4.06725450348093 2.938012632405971
0.6434033177297858 4.0927277409589475 3.485234497328714
0.7571353027157491 4.12586648683012 4.032897101405788
0.8530595344833025 4.1681826492384975 4.581010107676208
0.9990055229052465 4.205456226878567 5.129564123003187
1.1276902507978097 4.251499388686968 5.678583659615592
1.2394019278948922 4.30797341522943 6.2280778826274235
1.381040197294554 4.361726968205303 6.778038863646301
1.55404466161777 4.410047683221336 7.328471151522937
1.7112612716185454 4.468430414449274 7.879398955647504
1.8524793433839388 4.538890591537616 8.430830431422413
2.052488221345301 4.590352090480593 8.982739012652114
2.237226674677209 4.652942793483991 9.535162388269741
2.4062578900990816 4.729066749328821 10.088107545906405
2.611788047234615 4.792535051469282 10.641553411229419
2.8555467997241495 4.839125969205623 11.195501457415295
3.084490383018265 4.898401502773394 11.749983369912579
3.2979834575062297 4.973446100932229 12.3050038251726
3.551611923375181 5.027832854936877 12.86053307062103
3.847009801346552 5.0561622230483065 13.416569919182766
4.098551816408279 5.122551165935598 13.973167477940029
4.3927982548947435 5.160784482063649 14.530272028086676
4.731126437962181 5.164397814586896 15.087879985909435
5.054392795971347 5.184649390135948 15.646027569889371
5.362103584123127 5.2263179866262135 16.204712784286507
5.715048681081652 5.227690219090034 16.763889836989435
6.1139664574043096 5.1806288319118785 17.323551589102635
6.466620549169788 5.192099447285095 17.883755959190772
6.865604040949168 5.152087074116602 18.44442979663966
7.310860155574374 5.050959304407163 19.005563260722948
7.740440819795176 4.97279355729234 19.56719030225541
8.154922679448656 4.924794397911178 20.129298888493462
8.615182484653635 4.807370796574838 20.69183184085377
9.119542041273297 4.608540250175049 21.25477617864015
9.579673014317798 4.498973451132258 21.81817975055649
10.083174251321376 4.303567553605695 22.38196297118087
10.626541003446103 4.008216685167365 22.94611134211391
11.154610869342896 3.745358955360407 23.510644394497845
11.67072871523686 3.5255288970472733 24.075538630145356
12.222731256998145 3.1934852376239213 24.640741941032488
12.80348520410582 2.73169419452753 25.206239760163314
13.370361152931515 2.309258233145507 25.77203542907348
13.929646486415459 1.9390992714935402 26.338099821907647
14.520027007938824 1.3172321676925836 26.90439572528868
15.09840303951453 0.7405561806361349 27.470917803223543
15.674393521243642 0.2240695948996656 28.037633899834923
16.25271395418024 -0.4689709080294391 28.604531141136306
16.813403465944987 -1.3649359056699333 29.171604249975108
17.36582100595915 -2.2083669739451066 29.73880927847989
17.92642629738363 -2.9812121356041823 30.306112797336493
18.411625611039913 -4.144044163058733 30.87358468728038
18.89161407438566 -5.2502980453849295 31.441130020834525
19.391097984379428 -6.279583194530637 32.008718041670086
19.795450322296226 -7.592390873215233 32.57643955015003
20.045836317429217 -9.233358299238782 33.14432717770249
20.289785657463458 -10.821808332238993 33.71226130482668
20.570878397199195 -12.336033018951326 34.28022870404685
20.439817718494393 -14.48942271448005 34.848564885883576
20.277854339068117 -16.616744722934822 35.41704053505667
20.15334495629437 -18.70428787900916 35.98570228117345
19.520511567417895 -21.348041298609406 36.5550130835991
18.022236755775985 -24.694480471040837 37.12538099773813
16.12498383826969 -28.268914503650045 37.69704302571962
13.75385020741864 -32.34237560596709 38.271482348919434
-3.6671956836574493 -49.867918462819084 38.90506859040294
