0.0 23.141325769071315 -0.7762312181397121
0.37713578138955606 23.13825364615757 -0.3223513191846377
0.7542898191965257 23.129048460351378 0.13146338014737058
1.6969389500344119 23.079120406303094 0.5848517567786257
1.508737804681569 23.092395029730646 1.038893099636839
2.827746343217191 22.96865442230314 1.4915134790511315
2.715514163076104 22.98299414493774 1.9455417737859655
3.9578393181988125 22.8032487490256 2.397593117173629
3.878815962168485 22.81886084851878 2.851591531085182
5.087025876106291 22.58324654573415 3.3030894084880584
5.027326810883743 22.6007863447332 3.7570408227709597
6.215270303319314 22.309071893323704 4.207999564679539
6.169027037648875 22.329397633288043 4.661884241732933
6.683429773271364 22.19054808330915 5.114230487917267
7.906393733032016 21.79722719598665 5.564254164584849
7.830138134662643 21.840109640041796 6.0181417476404535
9.033888939398606 21.389500541231868 6.467671063410137
8.974096187308895 21.437768952697887 6.921422962393706
10.162757496703797 20.92877145053263 7.370471505532792
10.11827065175913 20.98367705375012 7.82405897416625
11.29473942044244 20.41478651336971 8.27263950650022
11.265584169161029 20.47756115872842 8.72603187801766
12.432222070804812 19.846669890352846 9.174155875087875
12.419298202376481 19.918485693631148 9.627321363939181
13.578313274411194 19.222622050157256 10.07499879557702
14.155766943579035 18.88871563091571 10.525160427236788
14.145646448107577 18.994496346940352 10.978045918213606
15.322269456811735 18.174396913845516 11.424949284126395
15.33596791073447 18.291819572412948 11.877523448496461
16.508459273481694 17.392797958958138 12.324007093188223
16.548640618373526 17.522530984364085 12.776243882314658
17.71991251562604 16.535082658583402 13.22231525505755
17.78983358167666 16.677470444545587 13.674193657827255
18.962514896657897 15.588753054538206 14.119862452041362
19.06601150090739 15.743701291409678 14.571368347330298
20.241956107699256 14.536583444400138 15.016648825841829
20.383452444548155 14.70339243963693 15.46777682742795
21.043976439274726 14.158942095682947 15.915791628872746
22.239759915019295 12.707048122499447 16.360443275800627
22.434015303425078 12.91252392805005 16.81110202223916
23.625869336525568 11.271792157412062 17.255446796083543
23.873366270224775 11.48449199601922 17.705756891601506
25.049792671412305 9.613039235782516 18.149849376186413
25.35707596756783 9.828042059154694 18.599846341160898
26.496291781289607 7.674342725040806 19.043759296810638
26.87030777344087 7.884376091654086 19.493490317788964
27.93501906410062 5.386857704855445 19.937315577227384
28.382733327103196 5.58165297594653 20.38683777143945
29.31301003534742 2.6695576544676594 20.830685001757363
29.840764207012544 2.835142764579292 21.280062611851584
30.52213661710503 1.305071748920232 21.726746195611625
31.066874615715196 -2.411985605146725 22.170803529945967
31.72573916784266 -2.2834844546276405 22.620142888597503
31.815225614387195 -6.604736262346712 23.06455013278187
32.565739011025855 -6.557347117333923 23.51390506231988
31.971518972682844 -11.528400648224348 23.958791227013133
32.80835774035559 -11.594246306724584 24.408219131009528
31.225021079577267 -17.20545305155015 24.85370090878733
32.13333915542426 -17.422323048339393 25.303248565183313
29.17438917212305 -23.5627765306627 25.749423699535924
30.125499469805032 -23.972510102896333 26.19912489455848
25.338758087699574 -30.36585454554114 26.64606861738262
22.590178604096874 -33.79701681852098 27.094760997718424
23.578486409668596 -34.52575254199348 27.544743554386024
15.133310324411456 -40.27281903604203 27.992916312863848
16.01904688842566 -41.29598323722847 28.44306905232026
4.808079310344596 -45.3719339239703 28.892123974622315
5.478676165100773 -46.69955269845041 29.342432608403367
-8.330061626595388 -47.756442744366865 29.792409876177505
-8.011627631696564 -49.35490964064923 30.242847298593155
