0.0 23.141325769071315 0.7762312181397121
0.3771226838300431 23.13825385963403 1.2412648540433804
0.7541843574253146 23.12905189945409 1.7063636895701146
1.6965816429291651 23.079146675248968 2.1718888477976024
1.5078842312432297 23.09245078196708 2.6367610397981314
2.8260807276345803 22.968859420390388 3.1030541952425814
2.712613711846443 22.9833366569437 3.5679394353664904
3.9532544677650843 22.804044042487583 4.03480162683757
3.87191999324153 22.82003197321101 4.499716747784759
5.077287897042781 22.585437884179512 4.967132405240625
5.013869200103491 22.6037756560262 5.432094525816466
6.197572784448499 22.313994829843267 5.900049318766631
6.14588423625226 22.335778477843984 6.365078176571979
6.654092285289131 22.199362910470224 6.831645465246387
7.870445751012254 21.810232895949575 7.300535323437549
7.785577295593057 21.85603437202849 7.765561275240684
8.98106202580344 21.411735279080446 8.234945494329745
8.91026423092437 21.46437819699046 8.700107130204918
10.089089145308048 20.964383954303692 9.169972121924577
10.031041989362265 21.02551545827071 9.63529818814986
11.196336967075428 20.468919988163965 10.105631190674632
11.150991509552307 20.540187098364193 10.571152354015938
12.305527679057743 19.92547213730175 11.041941891804465
12.27382369357769 20.008455515254326 11.507689937811897
13.420424870142899 19.3331835496923 11.978926041032803
13.98149981929178 19.01806979558305 12.447677944231778
13.9488714407574 19.139466827422638 12.913705988113701
15.114522201005386 18.347530164151753 13.385716157059658
15.103852172400314 18.483945049233 13.852055527548334
16.267712723878763 17.61817729388301 14.32448541771531
16.282295888897558 17.770296536649898 14.791162163447618
17.44876481375397 16.820965030637428 15.264004325563471
17.49266888561747 16.98890033376477 15.731039457652509
18.66606649977061 15.942526601122175 16.204284198297138
18.744073341385477 16.12565159857517 16.671691837866952
19.92806469058573 14.9639995652854 17.14532489421416
20.045596695086992 15.160769635181657 17.613110427486784
20.70172888351676 14.654794672018445 18.084009160900727
21.920507796034283 13.250182301735173 18.558271048831593
22.094088395905125 13.485902816671416 19.026525837251803
23.320479294081814 11.890763047036824 19.50109459826616
23.55069066410442 12.13244174610373 19.969698037606943
24.774262565898916 10.302356553009385 20.44451908788078
25.06790811478526 10.543798892723764 20.913435657765035
26.267395460648096 8.424544506057618 21.38843623697404
26.6313001100037 8.657406115286518 21.857618750854453
27.769289309559785 6.1846663035279414 22.332707026274772
28.209943732537383 6.3979274510127295 22.802098366921452
29.225698083561024 3.4982376893863134 23.277164671462284
29.748693841407462 3.6775613773631126 23.746700596226802
30.47403150950024 2.1534714999367295 24.218930547325506
31.1205473485518 -1.574771626157243 24.69378674784991
31.775236025396573 -1.4391673046772158 25.163360924057113
31.973458759187515 -5.790428046703607 25.63786721473149
32.71973791820298 -5.739765597615384 26.107425820052228
32.23761669003616 -10.761882598918305 26.58145319021771
33.06934658299302 -10.827428208676116 27.050938821080063
31.59688845026298 -16.512607195436438 27.524370578160998
32.49860699670602 -16.73108989133314 27.993736456623754
29.643649691133575 -22.969620249142036 28.46647485712989
30.586326112785752 -23.381693990406472 28.93568719696607
25.88991619342888 -29.89732468307409 29.407657009000676
23.174063953658358 -33.39936039908756 29.87787816352362
24.150577541295153 -34.12802681644202 30.346809141714758
15.761217749984395 -40.0312509112856 30.81754991809568
16.63422637111211 -41.05204754671358 31.28631071349801
5.44506767569654 -45.29990345092112 31.75616932605469
6.102937843924313 -46.62207915173439 32.224774227132386
-7.725254302075146 -47.858000337113296 32.69371049421699
-7.418350033958786 -49.44756177729371 33.162186606660086
