XcorSP	YcorSP	ZcorSP	XcorSN	YcorSN	ZcorSN	XcorHP	YcorHP	ZcorHP	XcorHN	YcorHN	ZcorHN
0	0.015106661	-1.37E-05	0	0.015106661	1.37E-05	0	0.006474283	-5.86E-06	0	0.006474283	5.86E-06
2.00E-05	0.01510686	0.000993463	1.82E-05	0.015106446	0.001020758	0.004070123	-0.004717357	0.001168786	0.005065205	-0.004487709	0.000845435
4.01E-05	0.015106607	0.002000381	3.64E-05	0.015106771	0.002028062	-0.000816062	-0.006454399	0.002221842	-0.001013557	-0.006445667	0.0018066
6.02E-05	0.015107093	0.003007129	5.46E-05	0.015106784	0.003035535	0.001127502	-0.006452485	0.003442285	0.001360399	-0.006439664	0.002600379
8.00E-05	0.015109216	0.004013938	7.31E-05	0.015106163	0.004042947	0.00619344	2.64E-05	0.004465706	0.007070654	0.000412655	0.003591179
1.00E-04	0.015107306	0.005024566	9.13E-05	0.015111381	0.005046541	-0.004575549	0.004599941	0.004903173	-0.005033704	0.004815784	0.005167935
0.000120469	0.015113701	0.00602726	0.000109173	0.015111129	0.006058069	0.004513651	-0.005017169	0.006718775	0.004864555	-0.004937271	0.005366553
0.000140077	0.01511443	0.007039766	0.000127931	0.015120642	0.007059784	-0.006616227	0.001494235	0.007294133	-0.006960285	0.001670193	0.006805417
0.000160364	0.015128769	0.008040178	0.000146095	0.015122131	0.008073593	0.004607734	0.005309799	0.007806053	0.004791663	0.005395366	0.008307718
0.00018123	0.015138998	0.009047403	0.000163806	0.015135038	0.00908059	0.004772099	-0.005468616	0.009773454	0.004930048	-0.005432722	0.008354538
0.000201626	0.01515083	0.010058646	0.000182165	0.015155598	0.010083568	-0.00484458	-0.00567614	0.01077288	-0.004969788	-0.005645466	0.009369334
0.000220915	0.015169375	0.011070611	0.00020188	0.015180877	0.011085824	-0.006908519	0.003251254	0.011183477	-0.007033575	0.003326822	0.010972959
0.00024324	0.015205209	0.012068431	0.000218887	0.015202705	0.012102226	0.00097524	0.007884077	0.011305695	0.000991793	0.007885779	0.012864962
0.000262621	0.015247557	0.013072012	0.000239267	0.015234494	0.013112867	0.008073667	0.001140571	0.013422231	0.008171422	0.001195249	0.012762647
0.000285583	0.015289013	0.014081947	0.000256615	0.015286514	0.014117153	0.002282228	-0.008173439	0.014908405	0.002308139	-0.008171204	0.013290695
0.000305511	0.015338413	0.015098877	0.000277684	0.015353021	0.015114444	-0.008599914	-0.001677983	0.015629462	-0.008671603	-0.001640347	0.014583859
0.00032908	0.015419972	0.016093417	0.000295962	0.015413123	0.016134126	0.001638801	0.008971237	0.015344359	0.001651374	0.008973837	0.016883183
0.000351586	0.015506265	0.017099299	0.000316341	0.015497793	0.017142465	0.005832778	-0.007455771	0.017895818	0.005869932	-0.00744684	0.016345946
0.000371002	0.015591776	0.018125573	0.000341063	0.015616327	0.018130413	-0.008766177	0.00444109	0.018318744	-0.008803471	0.004471671	0.017937242
0.000397865	0.015732579	0.019109479	0.000359834	0.015716657	0.019160728	0.008990371	-0.004899124	0.019816731	0.009028886	-0.004883	0.018453476
0.000419017	0.01585142	0.020140969	0.000386089	0.015880274	0.02014346	-0.005449856	0.009170916	0.019878417	-0.005465975	0.009185041	0.020406011
0.000449827	0.016024471	0.021133963	0.000404771	0.016035466	0.021164686	-0.005792943	-0.00950129	0.021976577	-0.005811764	-0.009496698	0.020322073
0.000476163	0.016228067	0.022127064	0.000430362	0.01621059	0.022185808	0.009283841	-0.006960863	0.022907638	0.009308575	-0.006951426	0.021405233
0.000500563	0.016452869	0.02312948	0.000460716	0.016419904	0.023197612	0.0117904	0.002743221	0.02357109	0.011812551	0.002761546	0.022756003
0.000529028	0.016702844	0.024134535	0.00049027	0.016664585	0.024206779	0.011232122	0.00580448	0.024446858	0.011248838	0.005820981	0.023894456
0.000562881	0.016981898	0.025139936	0.000518189	0.016946099	0.0252156	0.013156608	0.001195148	0.025684697	0.013175074	0.00120994	0.024670839
0.000602593	0.017287871	0.026149857	0.000544545	0.017272207	0.0262199	0.008224827	-0.011100447	0.027032946	0.008237138	-0.011097125	0.025336811
0.000637114	0.01762038	0.027177846	0.00058099	0.017649115	0.027206132	-0.012292884	-0.007582011	0.027972288	-0.01230754	-0.007574507	0.026411691
0.000676411	0.018046784	0.028155848	0.000618228	0.018015515	0.028242352	0.002311329	0.014931995	0.027465494	0.00231369	0.014933264	0.028932706
0.000723291	0.018473497	0.029169785	0.000654194	0.01847127	0.029242637	0.001789445	-0.015707697	0.030131631	0.001791244	-0.015707639	0.02828079
0.000761164	0.018985245	0.030163789	0.000706305	0.018938152	0.030262853	0.003050655	0.016260658	0.029629579	0.003052679	0.016262396	0.030797064
0.000816034	0.019484581	0.031199603	0.000749467	0.019520335	0.031241261	-0.014648101	-0.00923835	0.032039409	-0.014657931	-0.00923307	0.030401455
0.000873022	0.020112585	0.032174422	0.000799574	0.020083683	0.032280663	0.013503841	-0.012106043	0.033080062	0.013512192	-0.012102757	0.031375023
0.000916577	0.020787379	0.033181269	0.000873297	0.020717243	0.033288038	0.014353403	0.012442159	0.033524831	0.01435778	0.012449252	0.032944476
0.000974042	0.021428279	0.034256075	0.000944536	0.021509088	0.034227453	-0.005224285	0.01920947	0.034160989	-0.005225196	0.019211964	0.034322539
0.001055573	0.022214134	0.035245826	0.001004512	0.02228798	0.035251923	-0.019145212	0.008295511	0.035762991	-0.019150062	0.008302524	0.034734759
0.00114654	0.023076776	0.036227097	0.001069375	0.023129908	0.036284874	-0.020344119	-0.008058917	0.037067755	-0.020350668	-0.008054407	0.035444216
0.001241671	0.024019305	0.037208813	0.001146084	0.024039819	0.03731738	-0.00853577	-0.021314466	0.038233647	-0.008538636	-0.021313851	0.036292546
0.001337788	0.02504784	0.038196023	0.00123968	0.025019845	0.038344391	0.014023257	-0.019602269	0.039206976	0.014027331	-0.019601107	0.037333438
0.00142458	0.026163688	0.039207469	0.001362534	0.026077148	0.039347166	0.022966853	0.010649327	0.039772363	0.022970413	0.010654292	0.038782272
0.0015326	0.027243079	0.040283609	0.001486371	0.027344172	0.040285248	-0.020150621	0.01738609	0.040704782	-0.020152585	0.017390386	0.039864075
0.00169375	0.028573245	0.041203605	0.001581804	0.028542565	0.041379473	0.015800288	-0.023125254	0.042251994	0.015803439	-0.023124391	0.040331084
0.001821481	0.029873763	0.042263201	0.001738158	0.02996183	0.042334099	-0.029504035	0.00031528	0.043032626	-0.029507735	0.00031919	0.041564673
0.001966473	0.031321802	0.043292356	0.001907815	0.031434077	0.043319165	-0.026333456	0.016605466	0.043823027	-0.026335421	0.016609227	0.042788494
0.002174603	0.03292325	0.044228635	0.002048274	0.032962885	0.044397108	-0.017054333	-0.028148674	0.045318052	-0.017056649	-0.028147947	0.043307691
0.002329723	0.034553525	0.045312183	0.002279398	0.034682493	0.045327781	-0.026466775	0.023389403	0.045797046	-0.026467953	0.023392422	0.044842918
0.002588665	0.036392948	0.046225922	0.002448448	0.036422413	0.046428263	-0.013956826	-0.035071308	0.046357276	-0.013947622	-0.035044194	0.044282688
0.002786048	0.038254315	0.047313011	0.002725301	0.038379854	0.047355396	-0.034158343	0.021182153	0.045898161	-0.034070812	0.021129819	0.044741802
0.00304728	0.040435247	0.048262956	0.002989484	0.040267365	0.048419672	0.032676296	0.027409005	0.045789868	0.032525572	0.027284477	0.044850096
0.003321524	0.042452454	0.049352113	0.003297256	0.042578558	0.049344736	-0.026164469	0.036739193	0.045753913	-0.025999251	0.03650839	0.044886051
